%%Version3.3			
%%BeginHeader			
t	COD	Nitrate	Ammonium
d	g/m3	g/m3	g/m3
%%EndHeader			
0	33	10.8	0.6
1	35	12.0	0.5
2	37	14.0	0.5
3	39	14.0	0.5
4	41	14.0	0.5
5	43	14.0	0.5
6	41	12.5	0.5
7	39	11.0	0.5
8	46	7.4	0.5
9	56	1.6	1.4
10	51	1.9	1.3
11	46	2.1	1.3
12	41	2.4	1.2
13	33	7.0	0.5
14	64	2.4	1.3
15	50	0.7	1.3
16	43	1.0	0.5
17	54	1.0	1.0
18	66	1.1	1.4
19	77	1.1	1.9
20	60	6.7	0.5
21	72	2.5	0.9
22	66	2.9	0.6
23	67	1.1	1.0
24	67	1.4	0.9
25	68	1.6	0.9
26	68	1.9	0.8
27	49	9.2	0.5
28	62	10.0	0.6
29	67	2.6	1.4
30	66	1.6	1.0
31	69	1.4	1.1
32	72	1.2	1.2
33	75	1.0	1.3
34	60	10.0	0.7
35	61	0.4	13.0
36	62	0.2	10.0
37	57	0.2	12.0
38	65	0.2	11.3
39	72	0.1	10.5
40	80	0.1	9.8
41	65	4.3	2.5
42	45	2.7	4.2
43	72	1.0	3.5
44	73	0.6	4.5
45	79	0.5	4.5
46	85	0.4	4.4
47	91	0.4	4.4
48	130	1.9	0.6
49	98	0.6	5.4
50	86	0.1	8.8
51	127	0.1	9.6
52	127	0.1	9.7
53	128	0.1	9.9
54	128	0.1	10.0
55	72	4.6	0.5
56	68	2.2	3.4
57	284	2.3	2.3
58	65	0.4	2.9
59	68	0.4	3.2
60	70	0.3	3.4
61	73	0.3	3.7
62	75	9.9	0.5
63	78	0.2	3.0
64	97	0.3	4.2
65	107	0.4	6.9
66	109	0.3	7.7
67	111	0.3	8.4
68	113	0.2	9.2
69	74	4.6	0.6
70	107	0.9	5.0
71	72	0.2	5.3
72	96	0.1	6.7
73	101	0.1	7.2
74	105	0.1	7.6
75	110	0.1	8.1
76	85	0.1	7.8
77	92	0.1	7.8
78	100	0.2	12.0
79	97	0.2	11.5
80	95	0.2	11.0
81	92	0.2	10.5
82	89	0.2	10.0
83	66	1.2	1.8
84	120	17.0	14.0
85	100	0.5	11.0
86	76	0.1	12.0
87	80	0.1	9.6
88	83	0.1	7.2
89	87	0.1	4.8
90	90	0.1	2.4
91	107	0.3	10.0
92	149	0.5	12.0
93	139	0.5	12.0
94	195	0.5	12.3
95	250	0.6	12.7
96	306	0.6	13.0
97	94	0.7	0.9
98	96	0.1	4.8
99	98	0.3	9.1
100	104	0.6	12.0
101	95	0.5	11.2
102	85	0.3	10.4
103	76	0.2	9.6
104	63	3.1	1.3
105	72	1.8	4.4
106	81	0.2	9.4
107	82	0.2	9.5
108	83	0.3	9.6
109	84	0.3	9.8
110	85	0.4	9.9
111	86	0.4	10.0
112	81	11.0	0.6
113	75	3.4	2.3
114	102	0.7	3.4
115	98	0.6	4.2
116	93	0.6	5.0
117	89	0.5	5.7
118	84	0.4	6.5
119	90	5.3	0.5
120	95	3.1	1.7
121	101	0.7	4.1
122	93	0.9	2.9
123	85	1.1	1.7
124	77	1.3	0.5
125	49	4.7	0.5
126	74	0.5	9.0
127	85	0.4	7.3
128	69	0.1	11.0
129	75	0.1	11.0
130	82	0.2	11.0
131	88	0.2	11.0
132	46	3.2	3.8
133	61	0.7	8.6
134	67	0.1	9.5
135	64	0.4	1.9
136	71	0.3	4.4
137	79	0.3	6.8
138	86	0.2	9.3
139	55	3.0	6.4
140	79	0.8	8.8
141	75	0.1	8.0
142	86	0.2	5.8
143	97	0.2	6.2
144	108	0.2	6.7
145	119	0.2	7.1
146	71	1.3	5.2
147	82	0.1	13.0
148	103	0.4	12.0
149	122	0.1	14.0
150	131	0.1	13.7
151	139	0.2	13.3
152	148	0.2	13.0
153	78	4.3	14.0
154	99	0.4	15.0
155	155	0.1	17.0
156	210	0.8	12.0
157	196	0.8	11.7
158	183	0.9	11.3
159	169	0.9	11.0
160	155	16.0	1.7
161	129	10.9	3.3
162	102	5.7	4.9
163	122	18.0	2.1
164	179	17.5	2.2
165	236	17.0	2.4
166	293	16.5	2.5
167	350	16.0	2.6
168	53	18.0	0.5
169	90	18.0	0.8
170	61	13.0	0.8
171	65	11.5	0.7
172	69	9.9	0.7
173	73	8.4	0.7
174	78	12.0	0.5
175	108	14.0	0.8
176	137	13.0	0.7
177	95	12.0	0.9
178	116	8.6	1.9
179	138	5.3	2.9
180	159	1.9	3.9
181	76	14.0	0.7
182	100	12.0	2.5
183	60	13.0	1.0
184	87	10.5	1.6
185	85	7.9	1.4
186	83	5.4	1.2
187	81	2.8	1.0
188	81	11.0	0.5
189	65	9.0	2.6
190	65	7.4	1.4
191	67	2.2	1.9
192	70	2.4	1.9
193	72	2.6	1.8
194	74	2.8	1.8
195	77	11.0	0.6
196	79	6.7	6.6
197	201	2.3	2.9
198	89	2.6	4.7
199	90	2.3	4.7
200	92	2.0	4.6
201	93	1.7	4.6
202	56	16.0	0.5
203	56	7.1	4.4
204	48	2.4	5.4
205	85	0.9	5.8
206	91	1.0	5.9
207	96	1.0	5.9
208	102	1.1	6.0
209	77	7.8	0.8
210	57	2.7	6.0
211	88	3.5	10.0
212	91	0.6	7.7
213	89	0.6	7.5
214	88	0.5	7.4
215	86	0.5	7.2
216	80	11.0	0.7
217	73	3.7	4.7
218	76	1.3	15.0
219	82	0.9	16.0
220	80	1.3	12.1
221	78	1.8	8.3
222	76	2.2	4.4
223	117	7.5	0.5
224	77	0.9	8.0
225	92	0.6	11.0
226	81	9.0	4.1
227	74	7.9	3.4
228	68	6.7	2.6
229	61	5.6	1.9
230	51	18.0	0.5
231	53	16.0	0.5
232	39	11.0	1.1
233	64	11.0	0.8
234	70	11.3	0.9
235	76	11.7	1.0
236	82	12.0	1.1
237	56	16.0	0.5
238	50	6.4	2.3
239	52	3.9	2.7
240	65	1.1	2.8
241	71	1.2	3.3
242	78	1.2	3.9
243	84	1.3	4.4
244	232	9.8	1.1
245	68	2.2	5.3
246	85	1.4	5.0
247	66	4.6	1.4
248	75	4.4	1.6
249	84	4.2	1.9
250	93	4.0	2.1
251	43	12.0	0.5
252	73	2.1	1.4
253	72	5.8	2.1
254	57	1.9	1.5
255	60	1.7	1.7
256	62	1.5	1.8
257	65	1.3	2.0
258	34	9.0	0.5
259	101	5.5	1.0
260	89	1.1	2.0
261	114	0.6	3.1
262	118	0.5	5.7
263	123	0.5	8.4
264	127	0.4	11.0
265	45	8.7	0.5
266	88	5.1	3.3
267	130	1.5	6.1
268	90	0.9	0.7
269	106	0.6	2.9
270	123	0.4	5.1
271	139	0.1	7.3
272	131	3.1	0.7
273	123	1.7	3.0
274	115	2.2	3.7
275	107	0.7	6.8
276	99	0.8	6.2
277	91	0.9	5.6
278	83	1.0	5.0
279	75	1.6	0.6
280	94	2.7	0.9
281	113	1.9	1.4
282	121	2.6	1.5
283	107	2.6	1.3
284	94	2.6	1.2
285	80	2.6	1.0
286	66	8.4	0.9
287	63	4.8	0.8
288	86	4.4	0.6
289	110	2.3	0.8
290	104	2.0	0.8
291	98	1.6	0.7
292	92	1.3	0.7
293	92	8.9	0.6
294	50	0.5	0.8
295	143	4.9	0.6
296	156	2.0	0.7
297	132	2.2	0.9
298	108	2.3	1.0
299	84	2.5	1.2
300	71	7.0	0.6
301	69	6.9	1.4
302	83	5.4	13.0
303	99	2.5	0.5
304	83	2.5	0.6
305	67	2.6	0.7
306	51	2.6	0.7
307	61		1.0
308	120	6.7	1.1
309	156	3.6	1.4
310	156	1.6	4.6
311	138	2.2	4.0
312	121	2.8	3.4
313	103	3.4	2.8
314	105	9.0	0.7
315	102	9.0	1.9
316	100	5.0	1.1
317	97	1.3	3.1
318	87	1.0	3.3
319	76	0.6	3.6
320	66	0.3	3.8
321	54	3.7	0.7
322	89	2.7	1.3
323	53	2.1	0.8
324	87	1.9	1.9
325	96	1.7	1.6
326	104	1.6	1.3
327	113	1.4	1.0
328	70	3.0	0.7
329	99	2.1	0.7
330	69	1.6	1.2
331	111	1.2	2.3
332	102	3.1	1.9
333	93	5.1	1.4
334	84	7.0	1.0
335	75	8.9	0.5
336	92	7.3	0.9
337	71	5.5	1.0
338	59	2.3	1.8
339	73	2.2	1.7
340	87	2.2	1.5
341	101	2.1	1.4
342	126	10.0	7.3
343	60	5.7	0.8
344	82	0.4	2.4
345	90	1.0	0.7
346	93	2.7	1.0
347	96	4.4	1.2
348	99	6.1	1.5
349	90	6.4	1.0
350	81	6.7	0.5
351	65	6.0	0.7
352	81	4.8	1.9
353	75	4.7	1.6
354	70	4.6	1.3
355	64	4.5	1.0
356	58	15.0	0.5
357	35	12.0	3.1
358	35	12.2	2.8
359	36	12.4	2.4
360	36	12.6	2.1
361	36	12.8	1.7
362	37	13.0	1.4
363	37	25.0	0.5
364	37	20.0	0.9
